[[ 0.17569432]
 [ 0.05159061]
 [-1.57573006]]
[[ 1.81128961e-01]
 [ 1.11008979e-03]
 [-1.54779267e+00]]
[[ 0.09057644]
 [ 0.02828191]
 [-1.56504589]]
[[ 0.15985775]
 [-0.10079418]
 [-1.57186309]]
[[ 0.09391976]
 [-0.06347532]
 [ 1.55614597]]
[[ 0.16634696]
 [-0.15330426]
 [-1.40788622]]
[[ 0.20214292]
 [-0.23233649]
 [ 1.55484618]]
[[ 0.24053264]
 [ 0.19393371]
 [-1.56345039]]
[[ 0.06626437]
 [ 0.03665014]
 [-1.56994889]]
[[ 0.3447012 ]
 [-0.13130843]
 [-1.52990281]]
[[ 0.14192075]
 [ 0.01769511]
 [-1.54638351]]
[[0.19336634]
 [0.08254535]
 [1.55397082]]
[[ 0.107994  ]
 [-0.13946455]
 [-1.57845396]]
[[ 1.37499887e-01]
 [ 1.32563884e-03]
 [-1.57283063e+00]]
[[ 0.11148925]
 [ 0.02394433]
 [-1.57591215]]
[[ 0.14711325]
 [ 0.11711148]
 [-1.56895438]]
[[ 0.16265   ]
 [-0.03811393]
 [-1.58291093]]
[[ 0.20797226]
 [-0.23271232]
 [ 1.53170962]]
[[ 0.12601542]
 [ 0.09446729]
 [-1.55789202]]
[[ 0.16779063]
 [-0.03042042]
 [-1.57017188]]
[[ 0.06636454]
 [ 0.03667497]
 [-1.5700323 ]]
[[0.19336634]
 [0.08254535]
 [1.55397082]]
[[-0.02529745]
 [-0.20866021]
 [ 1.39672817]]
[[ 0.16102727]
 [-0.0791398 ]
 [-1.57280143]]
[[ 0.30534431]
 [-0.08281012]
 [-1.54585139]]
[[0.07627397]
 [0.06283088]
 [1.56275922]]
[[0.16145875]
 [0.0239513 ]
 [1.55336959]]
[[ 0.29371612]
 [ 0.05179744]
 [-1.54356269]]
[[0.1996473 ]
 [0.07919981]
 [1.55437489]]
[[ 0.50173083]
 [ 0.26556865]
 [-1.50547211]]
[[ 0.17108387]
 [ 0.05555637]
 [-1.57600541]]
[[ 0.3805396 ]
 [-0.27241324]
 [-1.53691722]]
[[ 0.36686614]
 [-0.25522989]
 [-1.54402255]]
