[[-4.41631721]
 [ 2.02344871]
 [23.52875557]]
[[-3.39653184]
 [ 1.54576453]
 [22.03647171]]
[[-5.27254391]
 [ 2.47341265]
 [20.3926163 ]]
[[-2.71722121]
 [ 0.86681031]
 [23.22761099]]
[[ 8.62790848]
 [-6.10320329]
 [20.52533999]]
[[-6.56124647]
 [ 1.00680631]
 [27.13954969]]
[[ 7.87585875]
 [-5.60129471]
 [21.76097353]]
[[-3.25258039]
 [ 0.51873846]
 [28.22912346]]
[[-4.61775128]
 [ 2.46812839]
 [22.99157101]]
[[-4.70642691]
 [ 3.06636451]
 [20.30740057]]
[[-4.78561634]
 [ 1.54578868]
 [24.75608036]]
[[ 8.53433861]
 [-7.19955117]
 [23.16223151]]
[[-4.5805202]
 [ 0.8659206]
 [27.0290591]]
[[ 0.84899189]
 [ 1.92477238]
 [23.27686201]]
[[-5.51985312]
 [ 2.01409359]
 [23.11615585]]
[[-4.1239172 ]
 [ 2.38379306]
 [23.37226755]]
[[-4.16025388]
 [ 2.23604995]
 [22.77347951]]
[[ 7.97540912]
 [-5.29747318]
 [21.82836316]]
[[-4.86649198]
 [ 3.03363903]
 [23.34927426]]
[[-6.01949039]
 [ 1.96288354]
 [27.67430745]]
[[-4.61681518]
 [ 2.46966325]
 [22.99197648]]
[[ 8.53433861]
 [-7.19955117]
 [23.16223151]]
[[ 6.17051166]
 [-7.02170375]
 [29.00600073]]
[[-4.74044417]
 [ 0.86168089]
 [27.67934025]]
[[-3.95205428]
 [ 2.4253279 ]
 [21.34635977]]
[[ 9.14382846]
 [-7.23162291]
 [25.18849526]]
[[ 7.26833504]
 [-6.07466706]
 [21.17014006]]
[[-4.59979975]
 [ 2.96027345]
 [20.68409399]]
[[ 8.54802236]
 [-5.55507734]
 [22.91411263]]
[[-5.33235201]
 [-0.21624108]
 [31.74786084]]
[[-4.27953535]
 [ 2.01967918]
 [23.57575222]]
[[-2.77614227]
 [ 2.50132625]
 [19.39995052]]
[[-4.45095453]
 [ 0.86158995]
 [25.41254622]]
