数据时间
2021-5-19-22:42:12
A端法兰外圈直径
850.00
A端法兰内圈直径
760.03
A端安装孔
(0,411.05)
(205.53,355.98)
(355.98,205.53)
(411.05,0.00)
(355.98,-205.53)
(205.53,-355.98)
(0.00,-411.05)
(-205.53,-355.98)
(-355.98,-205.53)
(-411.05,0)
(-355.98,205.53)
(-205.53,355.98)
A端螺纹孔
(397.04,-106.39)
(106.39,-397.04)
(-106.39,-397.04)
(-290.66,-290.66)
(-106.39,397.04)
A端象限孔
(106.39,397.04)
B端法兰外圈直径
850.00
B端法兰内圈直径
760.10
B端安装孔
(138.52,380.58)
(260.33,310.25)
(350.74,202.50)
(398.85,70.33)
(398.85,-70.33)
(350.74,-202.50)
(260.33,-310.25)
(138.52,-380.58)
(0,-405.00)
(-138.52,-380.58)
(-260.33,-310.25)
(-350.74,-202.50)
(-398.85,-70.33)
(-398.85,70.33)
(-350.74,202.50)
(-260.33,310.25)
(-138.52,380.58)
(0,405.00)
B端螺纹孔
B端象限孔
