[[0.33263338]
 [0.1175649 ]
 [1.54685259]]
[[0.25764269]
 [0.09950456]
 [1.57037796]]
[[0.4345526 ]
 [0.01156482]
 [1.50335752]]
[[0.43457603]
 [0.01155919]
 [1.5033672 ]]
[[ 0.15462919]
 [-0.06248263]
 [ 1.56186591]]
[[0.43472267]
 [0.32480844]
 [1.51524219]]
[[0.35302361]
 [0.09740077]
 [1.52921491]]
[[ 0.28990772]
 [-0.05049711]
 [ 1.54625572]]
[[0.24124499]
 [0.06090578]
 [1.56716049]]
[[ 0.10321072]
 [ 0.10655922]
 [-1.56138669]]
[[ 0.20255943]
 [-0.13879524]
 [ 1.55755421]]
[[0.20657872]
 [0.0782529 ]
 [1.55131826]]
[[0.20725442]
 [0.07849167]
 [1.55133751]]
[[ 0.13739108]
 [-0.03535505]
 [-1.56731927]]
[[0.27448683]
 [0.17886579]
 [1.55056874]]
[[0.2903675 ]
 [0.07437416]
 [1.53162899]]
[[0.20724997]
 [0.07835606]
 [1.55122429]]
