[[ 3.65186646]
 [-4.73132854]
 [21.6247383 ]]
[[ 4.54771856]
 [-6.13178744]
 [23.91795157]]
[[ 4.05948772]
 [-5.54937875]
 [20.7403636 ]]
[[ 4.05960863]
 [-5.54926855]
 [20.74017795]]
[[ 4.54283579]
 [-5.48961674]
 [22.0932207 ]]
[[ 5.04639526]
 [-5.49794065]
 [21.63981591]]
[[ 4.20324872]
 [-5.49610647]
 [21.21865191]]
[[ 3.43647491]
 [-4.80239768]
 [19.92765366]]
[[ 5.10186062]
 [-6.19469992]
 [21.19812383]]
[[-8.39264991]
 [ 3.08859606]
 [23.13174601]]
[[ 3.13317462]
 [-5.49542726]
 [19.72508135]]
[[ 4.2935165 ]
 [-6.02614054]
 [27.77924037]]
[[ 4.29314942]
 [-6.02505363]
 [27.77387314]]
[[-6.82539844]
 [ 2.52054203]
 [21.68530532]]
[[ 3.87665635]
 [-5.46598177]
 [21.78278149]]
[[ 4.32042778]
 [-6.01069802]
 [22.28119216]]
[[ 4.29279126]
 [-6.02515499]
 [27.7712807 ]]
